1.8
0.0
0.4
0.6
0.0
0.2
0.0
0.4
0.2
0.0
0.0
0.2
0.0
0.0
0.0
0.0
0.0
0.4
0.0
0.0
0.0
0.2
2.0
0.0
0.0
0.0
0.0
1.0
0.0
0.2
0.0
1.0
2.0
2.0
1.0
0.2
0.0
0.2
1.6
0.4
0.4
0.4
0.2
0.0
0.2
0.4
0.6
2.0
0.0
0.0
1.6
0.4
0.8
0.0
0.4
0.2
0.4
0.4
0.8
0.0
1.2
1.0
0.0
0.0
1.4
0.4
0.0
0.0
0.0
0.0
0.0
0.0
0.8
1.8
1.6
0.6
0.0
0.6
0.0
1.0
0.4
0.0
0.6
0.6
0.0
0.4
2.0
0.0
0.0
0.4
0.0
0.4
0.2
0.0
1.2
2.0
0.0
0.0
1.2
0.2
0.0
0.8
0.2
0.0
0.0
1.4
0.0
0.0
0.0
0.2
2.0
1.0
0.2
0.0
1.2
0.0
0.0
0.2
0.6
0.0
1.2
0.0
0.0
0.0
2.0
0.6
0.0
0.0
0.4
1.0
1.6
0.4
0.4
0.0
0.6
1.0
0.0
2.0
0.0
0.8
0.0
0.0
0.2
0.0
1.4
0.8
0.0
1.6
0.8
0.0
0.0
1.8
0.6
0.0
0.4
0.8
0.0
0.6
0.0
2.0
1.8
0.4
0.4
0.2
0.0
0.0
0.8
0.0
1.8
0.4
0.0
0.8
1.0
0.8
1.2
0.0
0.6
0.0
0.0
0.0
0.0
0.0
0.2
1.0
0.8
0.2
0.0
0.2
1.2
1.0
1.0
0.0
1.0
0.2
0.0
0.0
0.0
0.0
0.0
1.6
1.6
2.0
0.0
2.0
0.8
0.0
0.0
0.2
0.0
0.0
0.2
0.0
1.8
0.6
0.0
0.6
0.0
1.4
2.0
0.0
0.6
1.2
1.6
0.0
1.0
0.0
0.0
1.4
0.0
0.6
0.2
0.0
0.0
0.4
0.4
1.6
0.0
0.0
0.0
0.0
0.6
1.4
0.0
0.4
0.0
0.0
0.0
1.4
0.6
0.0
0.2
0.0
0.0
0.8
0.0
0.4
0.6
0.0
0.0
0.2
0.4
0.0
0.8
1.0
2.0
2.0
0.4
0.0
1.0
0.0
0.0
1.2
1.6
1.2
2.0
1.6
0.0
2.0
0.0
0.8
0.0
0.4
0.0
2.0
0.2
0.0
2.0
0.4
0.0
0.6
0.0
2.0
0.0
0.2
1.0
0.0
0.0
0.0
0.0
1.4
0.8
0.0
0.4
0.4
1.0
1.8
0.0
0.8
0.0
0.6
0.0
0.2
1.6
0.0
0.3
0.0
0.2
1.8
0.0
1.0
0.0
0.2
0.6
0.4
0.4
0.2
2.0
1.2
0.0
0.0
0.0
1.8
0.0
0.0
0.2
0.2
1.4
0.2
0.0
0.4
0.4
0.0
0.0
0.0
1.6
0.0
0.0
0.0
0.0
1.0
0.6
1.8
0.2
1.2
0.0
0.0
0.2
0.0
0.2
1.0
0.0
0.0
0.6
0.0
0.0
0.0
0.0
0.6
0.0
0.4
1.0
